Name: JMH
Date: 7-20-21
Ansatz: VQLS
Optimizer: CG
Maximum iterations: 2000
Qubits: 5
Layers: 5
Shots: 100000000
Kappa: -1
Noise Setting: 1
Number of problems: 1
Epsilon (if training from previous params): -1
Problem 0:
Initial Parameters: 4.088365923495758 5.878179266942878 4.941308751259275 3.0171601965763486 0.6312183411544123 5.308049771654667 4.458048391046422 3.666369393958545 6.339693251896684 6.194131387684516 2.4097899307775594 5.87291568708981 3.369127580692851 0.47630916844287735 1.4953516236755955 4.224372717596759 6.235274110027947 3.647164934585949 0.6244117791814248 5.408333669253648 4.497394933163748 4.258642310485231 1.9883931602429645 5.470669405998992 3.2286511770445867 4.940888144955722 1.9051412382408095 2.2302268973333934 2.3303344556806196 5.557131231973403 3.6095710814707305 4.818239686775042 -0.19706834403043136 0.9847152628698224 2.6376718372759353 1.5819492170768523 2.165688378318372 -0.12819045253196878 3.0401265612343265 3.3729091912819436 4.962635809059835 0.7871260248358104 4.8587509871243615 1.2896764966693672 5.007795072030978 
Number of Iterations: 14
ParametersPerIteration: 
4.088365923495758 5.878179266942878 4.941308751259275 3.0171601965763486 0.6312183411544123 5.308049771654667 4.458048391046422 3.666369393958545 6.339693251896684 6.194131387684516 2.4097899307775594 5.87291568708981 3.369127580692851 0.47630916844287735 1.4953516236755955 4.224372717596759 6.235274110027947 3.647164934585949 0.6244117791814248 5.408333669253648 4.497394933163748 4.258642310485231 1.9883931602429645 5.470669405998992 3.2286511770445867 4.940888144955722 1.9051412382408095 2.2302268973333934 2.3303344556806196 5.557131231973403 3.6095710814707305 4.818239686775042 -0.19706834403043136 0.9847152628698224 2.6376718372759353 1.5819492170768523 2.165688378318372 -0.12819045253196878 3.0401265612343265 3.3729091912819436 4.962635809059835 0.7871260248358104 4.8587509871243615 1.2896764966693672 5.007795072030978 
4.088361660641058 5.8785448046080235 4.941518758987773 3.0176086980490955 0.6310876439927879 5.307579892343177 4.457968624871642 3.6654138039215773 6.339864517207162 6.193668904174605 2.4097274254669103 5.8719908497364015 3.3692081214126324 0.476285909812595 1.4951946205512554 4.225064878468484 6.235045769615755 3.6472383684277294 0.6241470079090626 5.408955948306457 4.497422648467206 4.258364657955518 1.988676889282318 5.471167258241616 3.2291086375929976 4.94099944443317 1.9056696868587104 2.2297560769460896 2.330236798788036 5.557062328013809 3.6099567473514638 4.817579531042595 -0.19754374199853372 0.9849636918501418 2.6377270567725057 1.5824280900215366 2.1655535635559806 -0.12799316183366066 3.0401714522548797 3.373042544380099 4.962775444372167 0.7869473377881202 4.858517571995917 1.2893473468351935 5.008071747448296 
4.08836737669587 5.882308228293711 4.943155256076524 3.0181154455950314 0.6297679510690594 5.302628022445814 4.456294143843187 3.665478362921208 6.341094297470741 6.1888236133911425 2.4069904838513647 5.871529866747065 3.370023331995242 0.4758657061043672 1.4925585493431826 4.225472323188124 6.233275081011833 3.6480292931202927 0.6210820169518795 5.408581926643593 4.497661021864816 4.255376450805444 1.9917391705792267 5.471160422447178 3.2327338162835657 4.94181943589336 1.9105842023155268 2.229656216365676 2.329251230036674 5.556634248378955 3.614252607225803 4.8178001455264585 -0.20110435083456515 0.9873726988857006 2.637970604419044 1.5817161187004618 2.1643328028333446 -0.12605248078972123 3.0403646203853065 3.372213157035488 4.964366994812894 0.7852398123514652 4.856581063732168 1.287426451952844 5.009441695572999 
4.0883663581261995 5.88232870498233 4.943135497267498 3.0179646215020624 0.6297655037362776 5.302614551587611 4.456272450350703 3.665729042964918 6.3410380567921765 6.188795904477089 2.4068956602891407 5.871875730268883 3.3700299525199893 0.4758582406521514 1.4924895436407184 4.225195337718634 6.233300304028764 3.6480414490074344 0.6210570437897475 5.408381899422622 4.497662525041312 4.255345439608336 1.9917610182660295 5.470988212112441 3.2326245942226937 4.941850599045237 1.910579693874226 2.2297996394848405 2.329237300819928 5.556609778580948 3.6143160655128885 4.818035131261789 -0.20106309878460263 0.9874182715080124 2.6379539729215065 1.5815066970467577 2.1643116236917868 -0.12602335204267395 3.040357966239055 3.37216714964414 4.964298268333262 0.7852034602288958 4.8565620473170075 1.2874899043123702 5.009304977946263 
4.087544400341076 5.886476167004602 4.941772978152993 3.010723291672287 0.6290287047021506 5.29712311387788 4.4590180985778 3.6407210061021553 6.322557757827995 6.181274352109154 2.400154241885015 5.861941560972586 3.3729143822743852 0.47558397054035373 1.4816794590287836 4.215783886155489 6.235997313884112 3.652379319544738 0.6171928567213687 5.418500617336031 4.4986979797057955 4.245061711237886 1.995183996992256 5.46072500980512 3.1997881003713733 4.958482817292958 1.9147363631624827 2.23439941757512 2.3229071293716816 5.542984729294113 3.6320662126701038 4.834366418189008 -0.1950850037987708 1.0070665627153212 2.635853568390052 1.5707618297799952 2.1536931380270925 -0.11283388813347354 3.0409939747319807 3.385121139269115 4.9281427325054095 0.7692380257813867 4.8444360608096435 1.2994620821870728 4.974018694658885 
4.087355786947146 5.887611191586945 4.941432881317717 3.0083720004910717 0.6288183261695732 5.295621531599231 4.459489440513558 3.6360390716183217 6.318028764202648 6.179321469939288 2.39822033833737 5.8609618771096175 3.373643373826654 0.47550838536464396 1.4788772841272317 4.212535781867886 6.23666567787844 3.6534725765559046 0.6161447801349309 5.419968971372586 4.498956898897285 4.2424691979744855 1.9961423252249226 5.457757645818716 3.1917703612701542 4.962439438382559 1.9158049683279725 2.236019351796462 2.321360580460193 5.539764023619622 3.636558387582788 4.839043296461769 -0.1935781510043777 1.0118449108928407 2.635304042513198 1.5673914741310822 2.1511140451202544 -0.10962677863203069 3.041106506425441 3.388070266376957 4.919478680482361 0.7653794705834881 4.841544044723412 1.3024315783420075 4.965350125260994 
4.087131484050454 5.888951353926029 4.941124904839032 3.0061036416546956 0.628550417440177 5.293891901228826 4.460122349272214 3.6296199607264676 6.313043033940231 6.177023847868414 2.3961220795410667 5.85877293584262 3.3744620503127774 0.47540967474583806 1.475768155204719 4.209881615644952 6.237338290425152 3.654686735787132 0.6149102471528652 5.422445647675725 4.499253244224624 4.239499944360148 1.9972354207442586 5.454943936270077 3.183007082881038 4.96699986611998 1.9171463211165853 2.2374012390262434 2.319596157934592 5.536047198050311 3.641637784385902 4.843698530979949 -0.19209858113328157 1.0173079471544846 2.6347462399780777 1.5643227022150263 2.148175753060457 -0.10596423806407196 3.0412658053670403 3.391480784854188 4.909755468569924 0.7609427902967891 4.838180831098525 1.3056633188748394 4.955792314544947 
4.087130011214613 5.888917946245225 4.941108895266826 3.006143905915889 0.6285646636257984 5.293936443134753 4.460163458660682 3.6294707018615493 6.313023810404834 6.177077767448436 2.3961730989824197 5.858567460792675 3.3744541565683015 0.4754119404227301 1.47580283396739 4.209996354479779 6.237349200978733 3.6546775274399264 0.6149391336372272 5.422600371249502 4.49925032753671 4.239528556509144 1.9971960545924203 5.454996643855828 3.1829716342068606 4.967017334307502 1.9171046476751654 2.237392304474755 2.31960245284053 5.5360326028649505 3.6415872943491787 4.8436109191720735 -0.19208300839623305 1.0172982214981745 2.6347480553025266 1.5644056991511668 2.1481797659251645 -0.105969126581569 3.0412698490438004 3.3915030005656033 4.909728481841808 0.7609458451769191 4.8381798932792615 1.3056718638288358 4.95578136120781 
4.087129794487824 5.888753907805929 4.941016615133101 3.0060651420581572 0.628632111822446 5.294143567631709 4.460274467871684 3.6295141551377625 6.312884886219785 6.177286950535087 2.3962522621662585 5.858448411047028 3.374420132117609 0.47542640509789824 1.4759309856333391 4.210170712581185 6.237407719918216 3.654643586772688 0.6150805468634827 5.422531316486632 4.499239925634907 4.2396485080514275 1.9970502931876981 5.455067217806852 3.182764474771462 4.967051327724701 1.9168795048394012 2.2374395775214992 2.3196313216590427 5.5360315055201585 3.6413799216917737 4.843444859314855 -0.19195941766959765 1.0172273397261264 2.6347225905880363 1.5644037395160522 2.1482162978176564 -0.10604120291376787 3.0412600763282276 3.3915778870011257 4.9096136541742865 0.7609890621304146 4.838214939349991 1.3057500953880692 4.955674878445991 
4.087130820926146 5.888711918849248 4.940985715865109 3.0059633926211853 0.6286483210859852 5.294195071609839 4.46028091315004 3.629607183452858 6.312835752031063 6.17734333352306 2.396256526183785 5.858557148343616 3.374411148622549 0.47543101851305236 1.4759587812015837 4.210119966844107 6.237430048187171 3.6546383010701846 0.6151179338001435 5.42243510266467 4.499238004619717 4.2396799116791035 1.9970211383220962 5.455040433662652 3.182684065412171 4.967048513318864 1.916812964077022 2.2375059309019134 2.3196395258470925 5.536029669989469 3.64134139298288 4.843465472080743 -0.19191188855981534 1.0172048681954085 2.6347128874055303 1.5643289334572072 2.148231111552895 -0.10606856261062496 3.041252745116449 3.391589310349405 4.909585387328453 0.7610051674040923 4.838236124182866 1.3057778992104965 4.955631163595982 
4.087131152520267 5.88867973696332 4.940970141533056 3.0058420825669203 0.6286575830679509 5.294228421277098 4.460304738622741 3.629725309026822 6.312816549194029 6.177376679559551 2.3962615286143643 5.858591296022186 3.374408591260622 0.4754321670085438 1.4759728099218383 4.210042554879219 6.237441784959476 3.6546362792018003 0.6151362575060189 5.422424427210213 4.499237657846822 4.239693309204583 1.9970034551734177 5.455017873393664 3.1826161294202655 4.967065831662906 1.9167768504493254 2.2374984918019516 2.3196390219125846 5.536019685056676 3.6413265590188226 4.843407174813739 -0.19190365927035904 1.0171948785647293 2.6347059466278355 1.5643605244421153 2.148238388260942 -0.10607928687448305 3.0412471473020264 3.3916255423698862 4.909549153264064 0.7610184116248501 4.838246023913447 1.3057847095654402 4.955619613497343 
4.087127898626769 5.888605890758743 4.940934397895206 3.005729943527291 0.628676633531256 5.294308896702108 4.460358725214778 3.629808666894006 6.312768733218716 6.177461540566126 2.3963354940250605 5.858546919809238 3.37439944833942 0.475436039603419 1.4760177565510564 4.2099149498773025 6.237457915253561 3.6546318251645644 0.6151843924841216 5.422501342862527 4.49923704797837 4.23971687185354 1.9969562448660443 5.455051746729498 3.1824649054157867 4.96710073221547 1.9166993429494652 2.2374901681073824 2.319638028234041 5.535978775793665 3.6412711453054034 4.843098187745556 -0.19191537315256746 1.0171845218387676 2.634693504636666 1.5643833192258654 2.148241511639087 -0.10608872189126511 3.0412464202673064 3.391687861386564 4.909457904340412 0.7610220471287714 4.83826653541293 1.305798780650807 4.9555944477615235 
4.087127607708124 5.888598084139193 4.940930311012586 3.005734918509046 0.6286787958085283 5.294319048569385 4.460359296262237 3.6297891886446023 6.312760085136103 6.177468977737885 2.39634393909914 5.858522484431501 3.374398823544184 0.47543649535711735 1.4760218782809722 4.209928816020957 6.237459853778824 3.6546308267521788 0.6151911634772127 5.422526883297592 4.499237064189355 4.239722342797209 1.996949018697237 5.45506922131612 3.1824507446890613 4.967104736104537 1.916690850391377 2.237482565099771 2.3196374636387067 5.535977157813433 3.64126150280962 4.843077301777138 -0.19191627955363388 1.017186810432107 2.6346927785622376 1.5643803650101897 2.1482412437260257 -0.10608790641105845 3.0412473648346494 3.3916982072676194 4.909444971808917 0.7610204167281486 4.838268849052969 1.305799597630919 4.955587534690531 
4.087127365469548 5.888587752205081 4.940918487820721 3.005714452081269 0.6286824723000752 5.294333402407191 4.460360079120246 3.6297475602703875 6.312739496233542 6.17748159110142 2.3963443900863655 5.858509696949959 3.374398346305175 0.47543714665238357 1.4760254099801873 4.210002837710676 6.237462085906498 3.6546308577447344 0.6151989747563031 5.422539505072929 4.499236791938859 4.239722471354948 1.9969337739129223 5.455049662829184 3.1824156632649068 4.967113485742836 1.9166935562867553 2.2374601270382346 2.3196367338396557 5.535968081092636 3.6412579866175045 4.843079741600806 -0.1919257927908462 1.017182979936933 2.63468954807243 1.5643882705119507 2.1482391094789 -0.10609247673403911 3.041248695470014 3.391716127624551 4.909414786923703 0.7610177380656491 4.838267478177497 1.3058066987815455 4.955571478088744 
4.087127052046996 5.888548060927459 4.940859519512135 3.005653890430752 0.6287021011359855 5.294380859786842 4.4603417292959975 3.629694290607775 6.31261800675909 6.177539951470146 2.39632747718332 5.8585685720195855 3.3743981891969925 0.47543772406189777 1.4760124575723417 4.210194104021554 6.237473592081373 3.654634697771839 0.6152199336517312 5.4225786132381995 4.4992369330891435 4.2397139830931385 1.9968806679269107 5.4548530098052135 3.182214987084878 4.967161537282006 1.9166917990224295 2.237459687146617 2.3196311457777234 5.535927617340118 3.641248534953918 4.843194322156259 -0.19195421879836222 1.0171719532871475 2.634663821031088 1.5645655215277499 2.148230945347114 -0.10610409612626132 3.0412559276794444 3.3917900247047497 4.909310233656782 0.7610067647112324 4.838280141200357 1.3058583410439581 4.95545858086116 
EndParametersPerIteration
Final Parameters: 4.087127052046996 5.888548060927459 4.940859519512135 3.005653890430752 0.6287021011359855 5.294380859786842 4.4603417292959975 3.629694290607775 6.31261800675909 6.177539951470146 2.39632747718332 5.8585685720195855 3.3743981891969925 0.47543772406189777 1.4760124575723417 4.210194104021554 6.237473592081373 3.654634697771839 0.6152199336517312 5.4225786132381995 4.4992369330891435 4.2397139830931385 1.9968806679269107 5.4548530098052135 3.182214987084878 4.967161537282006 1.9166917990224295 2.237459687146617 2.3196311457777234 5.535927617340118 3.641248534953918 4.843194322156259 -0.19195421879836222 1.0171719532871475 2.634663821031088 1.5645655215277499 2.148230945347114 -0.10610409612626132 3.0412559276794444 3.3917900247047497 4.909310233656782 0.7610067647112324 4.838280141200357 1.3058583410439581 4.95545858086116 
