Name: JMH
Date: 7-20-21
Ansatz: VQLS
Optimizer: CG
Maximum iterations: 2000
Qubits: 5
Layers: 5
Shots: 100000000
Kappa: -1
Noise Setting: 1
Number of problems: 1
Epsilon (if training from previous params): -1
Problem 0:
Initial Parameters: 4.088365923495758 5.878179266942878 4.941308751259275 3.0171601965763486 0.6312183411544123 5.308049771654667 4.458048391046422 3.666369393958545 6.339693251896684 6.194131387684516 2.4097899307775594 5.87291568708981 3.369127580692851 0.47630916844287735 1.4953516236755955 4.224372717596759 6.235274110027947 3.647164934585949 0.6244117791814248 5.408333669253648 4.497394933163748 4.258642310485231 1.9883931602429645 5.470669405998992 3.2286511770445867 4.940888144955722 1.9051412382408095 2.2302268973333934 2.3303344556806196 5.557131231973403 3.6095710814707305 4.818239686775042 -0.19706834403043136 0.9847152628698224 2.6376718372759353 1.5819492170768523 2.165688378318372 -0.12819045253196878 3.0401265612343265 3.3729091912819436 4.962635809059835 0.7871260248358104 4.8587509871243615 1.2896764966693672 5.007795072030978 
Number of Iterations: 13
ParametersPerIteration: 
4.088365923495758 5.878179266942878 4.941308751259275 3.0171601965763486 0.6312183411544123 5.308049771654667 4.458048391046422 3.666369393958545 6.339693251896684 6.194131387684516 2.4097899307775594 5.87291568708981 3.369127580692851 0.47630916844287735 1.4953516236755955 4.224372717596759 6.235274110027947 3.647164934585949 0.6244117791814248 5.408333669253648 4.497394933163748 4.258642310485231 1.9883931602429645 5.470669405998992 3.2286511770445867 4.940888144955722 1.9051412382408095 2.2302268973333934 2.3303344556806196 5.557131231973403 3.6095710814707305 4.818239686775042 -0.19706834403043136 0.9847152628698224 2.6376718372759353 1.5819492170768523 2.165688378318372 -0.12819045253196878 3.0401265612343265 3.3729091912819436 4.962635809059835 0.7871260248358104 4.8587509871243615 1.2896764966693672 5.007795072030978 
4.0883624156007 5.878502289027974 4.941482553177184 3.017552644271706 0.6311084960157186 5.307645974567306 4.457994159892715 3.665456743017926 6.339851529941474 6.193738852065194 2.4097398390339646 5.872041463837943 3.3692032824012745 0.4762951748714762 1.4952208089541428 4.2250085741733345 6.235074304600242 3.6472243853059987 0.624183691846804 5.408845256712316 4.497415959335235 4.258406528967795 1.9886323200030844 5.471108722185078 3.2290156300442163 4.9409861496513585 1.9055970146594252 2.2298232236089155 2.3302492002242383 5.557068899283901 3.609895523181256 4.817682888464973 -0.19746524702359614 0.9849292538409895 2.6377220233606367 1.582516624515955 2.1655734334137544 -0.1280240741452129 3.040164571280641 3.373048886362972 4.9627446509015405 0.7869768807417091 4.85855099628319 1.28940324828211 5.008036379816836 
4.088367847610078 5.882109585961012 4.942938990753826 3.01797834501415 0.629917423042347 5.303026650426347 4.456578113562325 3.665181213181313 6.341031907775799 6.189236926578099 2.4074844153172514 5.872119954855345 3.3700301256954313 0.47597727320070704 1.4928409220642294 4.225179001434186 6.233454621982823 3.6479212523606215 0.6213891059037879 5.408841839688443 4.497617943237674 4.255667008849665 1.991418154471938 5.471885030931626 3.2320609426114624 4.94180010725853 1.9101918232555624 2.2296404364438285 2.3293275922309307 5.556647168113134 3.6138256721128226 4.817592454057371 -0.20074793466795043 0.98717400616949 2.6379535953254787 1.582470941675141 2.164426073615614 -0.12625033113396908 3.040352139651073 3.372557068620516 4.964112437239603 0.7854131174579758 4.85677713250229 1.2877205832007008 5.00927778106831 
4.088368465020072 5.882230463032427 4.94295385867555 3.01776713446363 0.6298800454470133 5.302876737002652 4.456507467318649 3.665620829201418 6.341003608644554 6.18908610655612 2.407304419939308 5.872654088831258 3.3700612186989285 0.4759589278625229 1.4926969541107122 4.224840869305065 6.233448066036079 3.647952391742194 0.6212795154775932 5.408512640819811 4.49762338173679 4.25555523338518 1.9915161521418883 5.471692903461973 3.232026436308512 4.941844096849142 1.9103111029610504 2.2298322645396174 2.3292881479357836 5.556619707111366 3.6140018968746834 4.81788274046766 -0.20077727651646096 0.987274680166929 2.6379403828867196 1.5821681707586792 2.16437621200843 -0.12617444657204835 3.0403460984923263 3.372479914261405 4.964096149734001 0.785340202669772 4.856724439215192 1.287750916179802 5.009176294998758 
4.088081782434749 5.883901414845946 4.941646083314005 3.0099965646047893 0.630081592896738 5.302652151665248 4.457931914323476 3.653344249082893 6.334875442762043 6.186773127152621 2.404453582117643 5.876774080440338 3.3711582885775124 0.4760134412913036 1.4878709771488932 4.229596971755243 6.234760259041154 3.649282236320455 0.6205343182718026 5.407698952513785 4.497893205717818 4.251910161415754 1.9922502627019258 5.464758718724028 3.2184285119755116 4.94775750588846 1.9101208738771684 2.2285685791026997 2.327027303492088 5.551646756945015 3.6203269179868838 4.822189845031098 -0.19730929791717494 0.9938603475899908 2.6367765087909305 1.579428103278467 2.1607547819677047 -0.12183313695669303 3.0402694407041966 3.3773934756545 4.951544577562265 0.7799012438008707 4.853376370384672 1.292701740318268 4.995433598021808 
4.087960567520535 5.8846816660073795 4.941240030155755 3.007390023212909 0.6301154830114053 5.302422747623221 4.458553262022616 3.6475198368041415 6.332572624635951 6.185712852252016 2.4034387221330116 5.877424210745543 3.3716199508318625 0.4760373811410707 1.4859893405394544 4.232157173938387 6.2351661815699995 3.649821017391783 0.6201623190148821 5.408118321814533 4.498011424769035 4.250389056643106 1.9926147012940836 5.4625580499266455 3.2133159895684136 4.950152033095249 1.910273062343196 2.2276356521114904 2.3260990275023237 5.549629788433805 3.6229168224644006 4.823244131334918 -0.19619854190289399 0.9965541627289236 2.6363674958727463 1.5789960551783988 2.159274074076522 -0.12004945749211564 3.0402796568756885 3.379490170879506 4.946613369816337 0.7776847221910511 4.851932425469637 1.2944761620914793 4.990218042612128 
4.087494057350257 5.890702480822805 4.940494372608198 2.9951459766131436 0.6293161168180053 5.297749174551327 4.459658420646364 3.627525575621935 6.323909447422843 6.178009156638829 2.396504159617446 5.883367553932592 3.3741539330542447 0.4758692483538372 1.4760306790819917 4.240965086680472 6.235831196970652 3.65259691529686 0.6163939230677714 5.407963159181005 4.498683517100501 4.241798027595878 1.9963437851869001 5.452028063899524 3.1943558011503304 4.960474396472956 1.914120543415968 2.225464758074277 2.321591654775904 5.541176028817641 3.636816017455459 4.829481921758389 -0.19354392299880674 1.0093542804969844 2.634789580237261 1.5750261823737421 2.1524000617165426 -0.11135661912947292 3.040308952245118 3.3871324944625245 4.927379212080905 0.7673983497437392 4.844795575430087 1.3009253542664232 4.969056730758908 
4.087483488001177 5.890885931227312 4.94044664277728 2.9946289952686884 0.6292978361629974 5.297609349163486 4.4596769495919295 3.6271866628461815 6.323587148919471 6.177777925961256 2.396222399290677 5.88386305358256 3.3742369842183373 0.4758657669813563 1.4756868801355858 4.241021273191182 6.235870500745351 3.6526894149340516 0.6162772468406362 5.407789346944917 4.498704580010191 4.241523534283571 1.9964660202279971 5.4515757097885595 3.1936835812766344 4.960802860049958 1.914215073387912 2.225482216103531 2.321447831836678 5.540914627988218 3.6372742448094737 4.829811103823429 -0.19340546835045744 1.0097544000876995 2.634719109333389 1.5747553177654157 2.1521832478138125 -0.11108552048353554 3.0402979696121553 3.3873675201598803 4.926743913974101 0.7670725270136423 4.844590709410063 1.3011613716476116 4.968316017905073 
4.087468609214491 5.890932514990088 4.940270392058231 2.9938811925539754 0.6293647596119099 5.297740530715526 4.459870012675678 3.6268457105579404 6.322935353403177 6.177815787412107 2.395906128290061 5.883588910842033 3.37430448111428 0.47588601181935597 1.4753443723661412 4.241599951537475 6.236049717394764 3.652785746107494 0.6163193835323885 5.407258130122823 4.498722150425057 4.241338352423394 1.996430716610293 5.451147627663593 3.192376402783029 4.961177210226501 1.9140300894629714 2.22559219660629 2.3213143122506996 5.540596524989593 3.637660811985064 4.830420389705428 -0.19300519701487723 1.0101890901395942 2.6346239464878325 1.5745198630190294 2.1519440978644555 -0.11083359405384495 3.040285014305832 3.387842025262275 4.925699137653805 0.7667210186919539 4.8444493764601955 1.301596901745902 4.967128654074757 
4.087456333322265 5.8909088300033705 4.940178429682149 2.9936060493266536 0.6294115355517093 5.29788525197773 4.460010411004879 3.6264914245773903 6.322612656269775 6.1779055125929885 2.395851743973609 5.883185915447235 3.374325247194895 0.47590157952569667 1.4752366685334393 4.242107734031013 6.236130632343437 3.6528159069073736 0.6163769824719814 5.407251601624183 4.4987282573388905 4.241283688880023 1.9963637896982795 5.45104642484537 3.1917084212118985 4.961392449874844 1.9139015306955587 2.225486582754178 2.3212577796818237 5.54041058788794 3.637799285616311 4.830489315547625 -0.1928490676775668 1.0103955564881508 2.634588101742272 1.574640348621235 2.151834790676382 -0.11072862072183318 3.0402904544904246 3.388128951063975 4.925161965499766 0.7665526405100813 4.844385039025727 1.3017997770396788 4.966599116708271 
4.087426401286112 5.890821983943378 4.939870311178932 2.9924621384472507 0.6295529657806679 5.298259626951816 4.460410239096123 3.6258766937623212 6.321652256563075 6.178213491561802 2.3955054406205303 5.883013920434154 3.3743887110508965 0.4759502886495695 1.4748887835328666 4.243079092938056 6.23636793328914 3.6528967011341353 0.6165798651578523 5.407087667485967 4.498744995491652 4.241166322766374 1.99619753393538 5.450794792544995 3.189772714561057 4.961930816705516 1.9135238425768863 2.2254273666535274 2.321121012274708 5.539936210956362 3.638191093696617 4.830955064985317 -0.19237613602596118 1.0109385727122528 2.634456320843869 1.5747819302556838 2.1515807612484283 -0.1104815811150454 3.040269828447901 3.3888072053725504 4.923708564077833 0.7661381554762043 4.84428729887833 1.3023613549631066 4.96507923643878 
4.087420014653427 5.890824569614232 4.939776050669902 2.99206206807803 0.6295878705491781 5.298339855395963 4.460503012405788 3.6258645645114607 6.321363620227657 6.178270328536905 2.395370975656946 5.883042543459717 3.3744134360982083 0.47596329280393906 1.4747668450298845 4.24321669825286 6.2364375049495 3.65292680035276 0.6166249375442817 5.406970543004127 4.498751886565381 4.241110194542679 1.9961707266886344 5.4506463217686925 3.1891979159660617 4.962087547997321 1.9134178155235413 2.225444213853822 2.32107587055144 5.53980163405032 3.63833826126882 4.831172877561484 -0.19223794371072667 1.0111007684304683 2.6344100366008405 1.5747319932281514 2.151503833912533 -0.11040516776012474 3.040255700496809 3.3889938213496618 4.9232933584105 0.766014374121888 4.844260974324435 1.3025251545546965 4.964623010476666 
4.08742021251851 5.890913424198239 4.939793284746215 2.99191229493759 0.6295598928129147 5.298262756116287 4.460477897679364 3.6259107529262584 6.321354334485274 6.178179554667698 2.395277772504633 5.883287337954876 3.374438116786665 0.4759595881383064 1.4746985183592554 4.243128517909955 6.236419603554712 3.652944189994594 0.6165590617081884 5.406961698200232 4.498758187553672 4.241039026423608 1.9962249144105322 5.450653321032234 3.1892096865860124 4.962099203954265 1.9135094526875427 2.2255152525404136 2.321053537543796 5.539788478268475 3.638460455668533 4.831217220859378 -0.19230063475747552 1.0111699105566048 2.634398977087799 1.5746506190952174 2.151473599556183 -0.11035906702973719 3.0402485248913504 3.388989455940299 4.923284301297686 0.7659820922121752 4.844225212325275 1.3025264982106433 4.964602469567884 
4.087420139528065 5.890916197550101 4.9397940800488565 2.991910231223526 0.6295590818004497 5.298260330131586 4.460477821739031 3.625908414510215 6.321354154850377 6.178176716463402 2.395275493135942 5.883292255433875 3.374438832963347 0.4759594629527808 1.4746967303639333 4.243127545293596 6.236418933112018 3.6529446742455427 0.6165571265895746 5.406962342261755 4.498758391145802 4.241036849645252 1.996226567711469 5.450654489808281 3.1892101090328464 4.962100017940994 1.9135123972799553 2.2255155922018863 2.3210528351037616 5.539787753682793 3.6384638139140053 4.831215773278306 -0.19230277900619977 1.0111723123359473 2.6343990075508055 1.5746512200015415 2.151472612323541 -0.11035752803939243 3.0402484162944354 3.3889896015351857 4.923283754174918 0.7659808429831796 4.8442239790972845 1.3025262970093163 4.964602048274045 
EndParametersPerIteration
Final Parameters: 4.087420139528065 5.890916197550101 4.9397940800488565 2.991910231223526 0.6295590818004497 5.298260330131586 4.460477821739031 3.625908414510215 6.321354154850377 6.178176716463402 2.395275493135942 5.883292255433875 3.374438832963347 0.4759594629527808 1.4746967303639333 4.243127545293596 6.236418933112018 3.6529446742455427 0.6165571265895746 5.406962342261755 4.498758391145802 4.241036849645252 1.996226567711469 5.450654489808281 3.1892101090328464 4.962100017940994 1.9135123972799553 2.2255155922018863 2.3210528351037616 5.539787753682793 3.6384638139140053 4.831215773278306 -0.19230277900619977 1.0111723123359473 2.6343990075508055 1.5746512200015415 2.151472612323541 -0.11035752803939243 3.0402484162944354 3.3889896015351857 4.923283754174918 0.7659808429831796 4.8442239790972845 1.3025262970093163 4.964602048274045 
