Name: JMH
Date: 7-20-21
Ansatz: VQLS
Optimizer: CG
Maximum iterations: 2000
Qubits: 5
Layers: 5
Shots: 100000000
Kappa: -1
Noise Setting: 1
Number of problems: 1
Epsilon (if training from previous params): -1
Problem 0:
Initial Parameters: 4.088365923495758 5.878179266942878 4.941308751259275 3.0171601965763486 0.6312183411544123 5.308049771654667 4.458048391046422 3.666369393958545 6.339693251896684 6.194131387684516 2.4097899307775594 5.87291568708981 3.369127580692851 0.47630916844287735 1.4953516236755955 4.224372717596759 6.235274110027947 3.647164934585949 0.6244117791814248 5.408333669253648 4.497394933163748 4.258642310485231 1.9883931602429645 5.470669405998992 3.2286511770445867 4.940888144955722 1.9051412382408095 2.2302268973333934 2.3303344556806196 5.557131231973403 3.6095710814707305 4.818239686775042 -0.19706834403043136 0.9847152628698224 2.6376718372759353 1.5819492170768523 2.165688378318372 -0.12819045253196878 3.0401265612343265 3.3729091912819436 4.962635809059835 0.7871260248358104 4.8587509871243615 1.2896764966693672 5.007795072030978 
Number of Iterations: 9
ParametersPerIteration: 
4.088365923495758 5.878179266942878 4.941308751259275 3.0171601965763486 0.6312183411544123 5.308049771654667 4.458048391046422 3.666369393958545 6.339693251896684 6.194131387684516 2.4097899307775594 5.87291568708981 3.369127580692851 0.47630916844287735 1.4953516236755955 4.224372717596759 6.235274110027947 3.647164934585949 0.6244117791814248 5.408333669253648 4.497394933163748 4.258642310485231 1.9883931602429645 5.470669405998992 3.2286511770445867 4.940888144955722 1.9051412382408095 2.2302268973333934 2.3303344556806196 5.557131231973403 3.6095710814707305 4.818239686775042 -0.19706834403043136 0.9847152628698224 2.6376718372759353 1.5819492170768523 2.165688378318372 -0.12819045253196878 3.0401265612343265 3.3729091912819436 4.962635809059835 0.7871260248358104 4.8587509871243615 1.2896764966693672 5.007795072030978 
4.088362068887553 5.878540347967505 4.941527801911215 3.0175840909212246 0.631086163555354 5.307568871075599 4.45797618272068 3.6654362231974775 6.339878658014214 6.193664337728667 2.4097033900857867 5.871905146312819 3.369208197106333 0.47628621878325467 1.49518495023651 4.225015521565764 6.23503651870234 3.647238846590619 0.6241430501165623 5.408961164054393 4.49742312216802 4.258364660678505 1.9886756874117473 5.471131013309614 3.229103400918521 4.941000271052438 1.9056660510157868 2.2297525473386974 2.330237071116022 5.557057057830001 3.609953146663037 4.817609795053163 -0.1975257732731627 0.9849624822436212 2.6377319568695037 1.5825147827870798 2.1655552878140876 -0.12799343047765732 3.0401725555527883 3.3730655647808843 4.9627704993286335 0.7869490057840495 4.858513517464446 1.2893343452366448 5.008087479782027 
4.0883738602539825 5.882403745023708 4.943244664683103 3.0178697563778574 0.6297135249216115 5.302531381000468 4.456310015467284 3.6655291147222213 6.341217998532571 6.188787793079284 2.407056659278172 5.871544557112375 3.3700308845850726 0.4758664814431713 1.492502014674115 4.22515411715881 6.233228276620031 3.6480380773977874 0.6210569311334204 5.408892472965643 4.497665447390712 4.255356206819301 1.991808128956599 5.4711764865210135 3.2327343110144326 4.9418375490671105 1.9106617679757882 2.2297661303808725 2.329248510058318 5.556597490534757 3.6143783625865376 4.817475560678953 -0.20122171226161575 0.9874264672897033 2.6380200344070683 1.5824298140185444 2.164314214820557 -0.1260266295581504 3.0403697120981485 3.372252000585979 4.964358343935015 0.7852026446196398 4.856493023733675 1.2872452982480005 5.009610795261919 
4.088374011386139 5.8824613237229215 4.943236942730974 3.0176401489904467 0.6296992058037165 5.302469565193735 4.456259396614675 3.66591907483593 6.341167228571777 6.188717726909946 2.4069278799741998 5.87203528316834 3.3700454204037653 0.4758515408089706 1.492397119190183 4.224830372160268 6.233241187035948 3.6480577380894816 0.6210030747942963 5.408609606566008 4.497668984290061 4.255294782462565 1.9918540630078971 5.47097431770823 3.232643667316186 4.941873971896258 1.910703966727189 2.2299528140976332 2.3292251254455696 5.556572577017816 3.614483174141675 4.81777436945823 -0.20120376986758606 0.9874942676129559 2.6380039703091542 1.5821655896878364 2.164281917662266 -0.12597989898674206 3.040361220932457 3.372197818436012 4.964305103511881 0.7851511367923951 4.85646496447948 1.2872919839973904 5.009497177148198 
4.087111765028014 5.887974362078649 4.942681429247604 3.0086630865441992 0.6293289682164194 5.301888534184666 4.460631941703513 3.6490389408992563 6.318657836511745 6.181724603140077 2.386318994167856 5.882256937848439 3.3736565974711734 0.4750523072984728 1.4762150142566342 4.213686463435263 6.239071530151637 3.653304227368641 0.6180063202011914 5.437237090952871 4.499274513360245 4.242285394856871 1.9967354566933522 5.471510707152955 3.181835554689675 4.965232878245671 1.9125532741740363 2.2309701346355255 2.3211204850339815 5.538176076237528 3.6372797890724575 4.829215135946052 -0.1970081381045348 1.0132854531595754 2.63451699260239 1.5862990097872205 2.1494155223206834 -0.10871369313204986 3.042138872030657 3.393496759914767 4.913698197290876 0.763602639234037 4.840290110200384 1.3007243179517847 4.961787762160898 
4.087076696639655 5.8882141148604275 4.942733379818214 3.0086095455236785 0.6292836904687678 5.301745890231181 4.460741705887088 3.648165322176528 6.3181663879051 6.181418650797634 2.3858073356736855 5.8820513981940605 3.3737689168948353 0.4750266470263995 1.4757767126208203 4.21370633158227 6.23915385143359 3.6534531631861413 0.6178572445315952 5.438236408337611 4.4993264660343595 4.241875008535899 1.9969327687580694 5.471664973350987 3.1807135163882436 4.965858931299602 1.9127519523008893 2.230845865657144 2.3208885290199017 5.537682786828103 3.6379551656101343 4.82924387271313 -0.19704442282753531 1.0140222980425289 2.634458339526295 1.5866143686981744 2.149006013578223 -0.10821947365071415 3.042198229522311 3.39404040333886 4.912459672015357 0.7630013879434318 4.839813744500876 1.3010021527198083 4.9606822995277895 
4.086977385901079 5.8894136743911965 4.943085626552379 3.0081174045513155 0.6289862438790716 5.300723634643528 4.460823055243838 3.6464544402420653 6.316778349861146 6.179914730425085 2.3838196091347363 5.88245771668279 3.3742038201142166 0.47489345573475483 1.4740376336633885 4.212932962344256 6.239244798354917 3.6539960837720504 0.6169961549761013 5.440255611768841 4.499517987266111 4.240242332470476 1.997929031919265 5.471844199562003 3.177636438012821 4.967824494374598 1.913889814249145 2.2307503123000916 2.3200689736281315 5.53617882075588 3.640582023802955 4.830012269541492 -0.19737957902508727 1.0165423870662944 2.63429789336489 1.5870274888744775 2.1476297520086036 -0.10650939180008341 3.0423612182205018 3.3954913584799047 4.908910621356241 0.7609718809394241 4.838181895200911 1.3017434069579346 4.957373677078924 
4.0869323554089485 5.890041336214641 4.943236017832193 3.0075311542387326 0.6288273730474065 5.300170949631974 4.460787060478023 3.6462346598832047 6.316037478924475 6.17912713349777 2.382690602374971 5.883261108754244 3.374427921531434 0.4748157814725329 1.4730916063019655 4.2120385532558045 6.239304713047925 3.6542761615432897 0.6165262763953664 5.440759524960978 4.499613256031308 4.239395731136665 1.998462415945614 5.47173354574306 3.176047039734539 4.968783011401584 1.9144525509362778 2.2308990823181922 2.3196552468544396 5.535452227851947 3.64194469184604 4.830714493667844 -0.19746936269036802 1.0177987515617846 2.63419224489278 1.586890784094074 2.1469465499519025 -0.10565286829274005 3.0424221123189703 3.3961721339523625 4.907149704128766 0.7599612227948646 4.837393629668197 1.3021479726155618 4.955650066743633 
4.086932354260529 5.89004134883831 4.943236020231382 3.007531144840586 0.6288273702885349 5.300170939755929 4.460787062025555 3.6462346429361676 6.316037459098674 6.179127118144508 2.382690578004596 5.883261119948997 3.37442792650838 0.47481578001914543 1.4730915852916018 4.212038539853434 6.2393047149560985 3.6542761678790097 0.6165262681742968 5.440759550785213 4.4996132582055 4.239395712375797 1.9984624261771635 5.471733548622814 3.1760469974717074 4.968783034530947 1.914452561720253 2.230899080152615 2.319655237204867 5.535452209391169 3.6419447219956647 4.830714507274815 -0.19746936335726048 1.0177987809057465 2.6341922423633535 1.5868907848364424 2.146946533867916 -0.1056528483605316 3.0424221140447907 3.3961721529597937 4.907149659218104 0.7599611987598045 4.83739361121284 1.302147983000925 4.955650024337097 
4.086931097862533 5.890007527395197 4.943222568696275 3.007642440884638 0.6288410194556507 5.30022628505626 4.460823510719293 3.646061067691934 6.316015492946305 6.179177606868975 2.3827461276700284 5.883150149815997 3.374421213151674 0.47482070565627005 1.4731325293405761 4.212100080083779 6.239314056490303 3.6542696505784282 0.6165595014614272 5.440864258876655 4.49961115018328 4.239429241775132 1.9984267939429998 5.471772768087092 3.175995366355691 4.968785069883356 1.9144134405842053 2.2308675829373823 2.3196625656205283 5.535446549034635 3.6419006599930297 4.830708174974783 -0.19745731491359844 1.0177841376424064 2.6341857164595366 1.5869761751694091 2.1469526326865815 -0.10566561163556869 3.0424259814241066 3.3962094232790507 4.907121456992287 0.75997033002692 4.8373995269174115 1.30215169660495 4.955633766061493 
EndParametersPerIteration
Final Parameters: 4.086931097862533 5.890007527395197 4.943222568696275 3.007642440884638 0.6288410194556507 5.30022628505626 4.460823510719293 3.646061067691934 6.316015492946305 6.179177606868975 2.3827461276700284 5.883150149815997 3.374421213151674 0.47482070565627005 1.4731325293405761 4.212100080083779 6.239314056490303 3.6542696505784282 0.6165595014614272 5.440864258876655 4.49961115018328 4.239429241775132 1.9984267939429998 5.471772768087092 3.175995366355691 4.968785069883356 1.9144134405842053 2.2308675829373823 2.3196625656205283 5.535446549034635 3.6419006599930297 4.830708174974783 -0.19745731491359844 1.0177841376424064 2.6341857164595366 1.5869761751694091 2.1469526326865815 -0.10566561163556869 3.0424259814241066 3.3962094232790507 4.907121456992287 0.75997033002692 4.8373995269174115 1.30215169660495 4.955633766061493 
