Name: JMH
Date: 7-20-21
Ansatz: VQLS
Optimizer: CG
Maximum iterations: 2000
Qubits: 5
Layers: 5
Shots: 100000000
Kappa: -1
Noise Setting: 1
Number of problems: 1
Epsilon (if training from previous params): -1
Problem 0:
Initial Parameters: 4.098223447081421 5.841198301196588 4.954017630678163 3.0443905969198757 0.6539095320542125 5.356869886831922 4.445658775302319 3.6815622353838457 6.360000349451688 6.228975267430557 2.4374190046967446 5.881069796959846 3.3683994787226004 0.49411463116996857 1.514026446825346 4.21936924674546 6.248944820670599 3.5777414028985777 0.6453445173199088 5.3951118980630985 4.485363020187226 4.308541685584006 1.9779467771483035 5.484293994840265 3.2447110809642696 4.892577352630961 1.8770604655320704 2.2250252381101445 2.3445282703771073 5.588258116175536 3.5492973293389682 4.80438129275394 -0.15834354672858938 0.9316286335267698 2.6285487786481165 1.5748806489975586 2.2010039253987523 -0.15068148364817846 3.049139294469599 3.352103032557415 5.019078863360273 0.8295498933205823 4.8993092042574 1.3101869666904231 5.071171603785336 
Number of Iterations: 25
ParametersPerIteration: 
4.098223447081421 5.841198301196588 4.954017630678163 3.0443905969198757 0.6539095320542125 5.356869886831922 4.445658775302319 3.6815622353838457 6.360000349451688 6.228975267430557 2.4374190046967446 5.881069796959846 3.3683994787226004 0.49411463116996857 1.514026446825346 4.21936924674546 6.248944820670599 3.5777414028985777 0.6453445173199088 5.3951118980630985 4.485363020187226 4.308541685584006 1.9779467771483035 5.484293994840265 3.2447110809642696 4.892577352630961 1.8770604655320704 2.2250252381101445 2.3445282703771073 5.588258116175536 3.5492973293389682 4.80438129275394 -0.15834354672858938 0.9316286335267698 2.6285487786481165 1.5748806489975586 2.2010039253987523 -0.15068148364817846 3.049139294469599 3.352103032557415 5.019078863360273 0.8295498933205823 4.8993092042574 1.3101869666904231 5.071171603785336 
4.098318906441839 5.843344533996139 4.9546393551327395 3.0456811622044038 0.6533854233056164 5.354466553338026 4.445400295468784 3.678134980472612 6.360972036060556 6.226793356382003 2.4370133624415913 5.877285438444561 3.369189640208462 0.49423891833013833 1.5133938335101955 4.221608840452527 6.247638202225233 3.5780805152765676 0.6442503525652864 5.39720226719795 4.485239090246573 4.307233566606397 1.979372998425134 5.486591228520445 3.2473780728550574 4.892918148863482 1.8793327053183888 2.222928963182509 2.344101849701876 5.588203462685283 3.550918614959899 4.801631470539762 -0.16108776659864132 0.9326124959258643 2.6285906722536807 1.576893229488787 2.200167073928209 -0.15001062156006845 3.0491810109989235 3.3533427211092706 5.021578928910383 0.8290504849259821 4.898599866185129 1.3073426999876223 5.07398696035164 
4.098680743499154 5.8544012952582705 4.957428739441143 3.046783609166749 0.6505036067384538 5.34192896031755 4.442614762317259 3.678391756725098 6.365514488734034 6.215273319967735 2.431514953260547 5.87584525265056 3.373054185502169 0.4941947041930833 1.5080963570496728 4.221986814579008 6.242435775214105 3.5798476695159303 0.6373149117936364 5.397202014823268 4.48453018096975 4.3003230149621166 1.9867687257975322 5.487603783153772 3.2593981919545594 4.894503967628696 1.8907422423994602 2.2227856112187836 2.341832512385027 5.588123799834151 3.559715885581266 4.80017156866632 -0.17276895429562025 0.9376554157154451 2.6285133203223467 1.5748465023451799 2.196059754854319 -0.14649345998330565 3.0492169518112697 3.3512629888165337 5.033616148051694 0.8263258750131678 4.895221110258647 1.2978572041461698 5.084691373599843 
4.098699670516408 5.856200402532447 4.957724626994275 3.0457719652912028 0.6499952161067646 5.339881066520172 4.441922777862913 3.682234923761882 6.366215104439355 6.21331084991645 2.429852081483214 5.879359948575169 3.373634362016968 0.4940014713345137 1.5067411516597031 4.21974755270643 6.24206927244041 3.5802386744470853 0.6359464818443253 5.39494825674789 4.484413920270231 4.299051355254199 1.9879333356629658 5.48553492853182 3.260720019320333 4.894882640689793 1.8924790672705913 2.22491733777574 2.341370559518981 5.588054811877184 3.561273751009294 4.802684977489127 -0.17400276594158293 0.9385873352123612 2.628403135172434 1.5719385005665016 2.1952953915270994 -0.14582943500250872 3.0492025949339276 3.3493719744805097 5.035134483020049 0.8257513724388065 4.894665734903977 1.2974957675180854 5.085352110457231 
4.098392543133511 5.868273531089729 4.95595037735129 3.0471874203136236 0.6463562386394865 5.326413874737088 4.443869633451014 3.6776216658155287 6.375420666995632 6.199148844451474 2.421245266131178 5.876807764048796 3.3772262865441736 0.49099234330504526 1.4996147430592626 4.222897789416434 6.245371336537817 3.5883019004585566 0.6305555447598047 5.397724851112474 4.484840662612543 4.28534901090146 1.993044108527061 5.48326219048955 3.2594617232416523 4.905083616845761 1.9023029078454103 2.227477952400114 2.3339172644897213 5.582865269867981 3.5729462629252295 4.805623114958578 -0.17915658692043765 0.9503404106715329 2.6261070027080744 1.5700367658993568 2.182844492886955 -0.13794893092890992 3.050389253239257 3.350057863880209 5.027960263649743 0.8175404757316141 4.887951563137955 1.2966181168154627 5.07763988863195 
4.098193781126295 5.8701526368889905 4.954621676507299 3.046693097622102 0.6457150354342113 5.324483049529631 4.445116729592753 3.677573313857244 6.377326620938748 6.196757082847027 2.4191870461245393 5.877671002446687 3.3777113520189945 0.48991496691369196 1.4979665530440154 4.222919628757896 6.247841700499045 3.5908813924797793 0.6300060760217684 5.397461342421683 4.485124860435263 4.281982844016854 1.9931893047398297 5.481871597293894 3.255872866224247 4.908505959293433 1.903191697448117 2.228910643236558 2.3317735437400384 5.580909018387892 3.5752923870512827 4.80777496684379 -0.1781714205389243 0.9535636641739473 2.625362459292268 1.5696913187548525 2.179208846078997 -0.135826646427368 3.0506727201736266 3.3507058981656437 5.023256837897959 0.8151225824692521 4.886299578309525 1.2982756388409673 5.072744290093465 
4.097047009638598 5.879398521584099 4.946713984402903 3.0463059868609865 0.6425584931546431 5.315344442207067 4.4534839769930805 3.6683654816077804 6.387524282591249 6.184890601541571 2.4097251764467704 5.874144660019959 3.3801396601460865 0.48410856476785386 1.4902176679181807 4.228386681291822 6.261985283704677 3.605588935174491 0.6284656187384713 5.401445911416121 4.48689816791618 4.263705716016974 1.992926321390632 5.478850550176975 3.2339583839105432 4.928289098346035 1.9067448333078716 2.2323790061928475 2.319771208584527 5.569340782412755 3.587372583119281 4.814034718144896 -0.1719844989479779 0.9716423011603896 2.621246284586568 1.5743951964200296 2.1586312435075063 -0.12402054888947919 3.0522275598375717 3.357932245122973 4.994586228833092 0.8015786434503083 4.8771197965464825 1.3071318858603145 5.044648929270935 
4.096993248505406 5.879659912110387 4.946493479302443 3.0460631596892345 0.6424693572717709 5.315128591722403 4.453695537082753 3.6683185568705046 6.387626787154156 6.184616927189809 2.4094415614953193 5.8742525064363615 3.380226298935727 0.48398670646068587 1.4899875195008516 4.228320287696715 6.262354675761855 3.605983480963333 0.6283849346260076 5.401334413606642 4.48695021183016 4.263239162363019 1.992924408815402 5.478715174741494 3.2332415826976426 4.928817618954492 1.9068190969986036 2.2325344223001022 2.319467162733259 5.569019337227685 3.587750538888793 4.814334609714468 -0.17175378744525627 0.9721365033285005 2.621180369038714 1.5745118109880119 2.158106769916295 -0.12371843537918997 3.052234406821419 3.3581907093784538 4.993661954475125 0.8012097380125719 4.876858327984591 1.3074076358625544 5.04370524528 
4.0969097513407275 5.879624804026136 4.946580870879261 3.0453026469252364 0.6424951142491784 5.315348755968473 4.453556163150306 3.6688517927312168 6.386767475095294 6.184952720155655 2.4094662188539493 5.87477884445976 3.3802965233304945 0.48422738144261185 1.490034177897878 4.227553847222866 6.262085922666962 3.6057971086890173 0.6282462796631528 5.400760171156005 4.486945252458758 4.2635702027354245 1.9929477815161545 5.47873328005235 3.233005999458206 4.928575909467947 1.9066901882244507 2.2325150294300737 2.319696337542588 5.569096358974881 3.5878218850599755 4.814486683038418 -0.17165452028268538 0.9719692788575343 2.621432919779027 1.5744092792692956 2.1584792564801076 -0.1239268928343393 3.052066588946514 3.3584658609871076 4.993361694629756 0.8013543851671495 4.876891823466776 1.307356755487898 5.043339523740721 
4.095653808240595 5.879235316787596 4.948081119515723 3.0365965062788125 0.6429331579001463 5.318738250084285 4.452056459918742 3.6682891817051173 6.373724100135221 6.190193323538406 2.4115648854590943 5.875310632457935 3.3815332275163446 0.48824979303174215 1.4916317737001672 4.221580555426288 6.257130657729986 3.602919563617491 0.6265978750281627 5.3967075901354375 4.486903773908267 4.268774031028509 1.9933984429853306 5.482874746715521 3.229909306677176 4.925226714974501 1.9050458227064317 2.2286348282010486 2.3232093292025864 5.569951482233025 3.5888722761762852 4.8110693407006755 -0.17127790939278853 0.9696380554293409 2.6254264149088775 1.5791927684309828 2.1640728581720334 -0.12701747266006402 3.0494891777307003 3.3648585520009155 4.988491795069918 0.8034586004869554 4.877199217990027 1.3052441005860107 5.038851803923477 
4.095627039977649 5.879398292172852 4.948141013732066 3.0366996020781247 0.6428681242433817 5.318563518225852 4.452038355831436 3.6679606887508207 6.373667685662026 6.190065346920179 2.411593707143016 5.874892198261763 3.381582652548838 0.4882901734360621 1.491626860185427 4.221814398865785 6.256957548552629 3.6029581198723877 0.6265067977444638 5.396903399814434 4.486922481249883 4.268705064438571 1.9935041486700522 5.483017996759554 3.230094925391808 4.925242786591025 1.9052109133761967 2.228474506542436 2.3232046577133745 5.5699332398869 3.58902226706213 4.8108141661577 -0.17150683848906975 0.9697089874192372 2.625483699130282 1.5794381442128123 2.164069258392788 -0.1269920573007644 3.049467471586966 3.3649671527633704 4.988515726564325 0.8034050408124866 4.8771167391461185 1.3050895943535095 5.038936520920213 
4.095268162560738 5.881449887343575 4.948714435906645 3.036294616685489 0.6420430006885253 5.316373690751486 4.451357092120513 3.6680511938607827 6.372653864892994 6.188502303004734 2.411060433873355 5.874534119864785 3.3821362104747243 0.4886293252288448 1.4910132376722245 4.221495379487533 6.255286086944139 3.603482944578678 0.6250521098900433 5.3961364491421 4.48713747297968 4.26775508249002 1.9948322088066452 5.483018461701249 3.231690325583245 4.9253449322407175 1.9071039304912503 2.228745008586807 2.3231668349854266 5.5698216398128215 3.5910877511899697 4.811286500652282 -0.17360629250048987 0.9705203893571982 2.6261218849325747 1.5793596860483616 2.1641484797703954 -0.12670285889963814 3.0490759802048357 3.364929308744708 4.988859661149019 0.8027483807355651 4.876217229374694 1.303726461428257 5.0390025343524245 
4.095170874842643 5.881666547578774 4.948741009354139 3.0361749558370934 0.6419105478345417 5.3161527691152655 4.451341581863254 3.667648611537442 6.37232892836729 6.1884102360979 2.41110306766604 5.874396643956264 3.382159002307779 0.48867661089222336 1.4910152284833817 4.2215026248021745 6.255025011204553 3.603654809828846 0.6249187260676348 5.396172144745098 4.487221077266089 4.2676804042168905 1.9949190398836019 5.483160625214842 3.2318055917291106 4.9253918405787545 1.9072601374061187 2.2286340338241892 2.323182128612394 5.569766653351317 3.591352202980585 4.811308966761751 -0.17387190882509143 0.9706302538726516 2.626266520045862 1.579584505396637 2.1641792873797865 -0.1266984002885709 3.04897764803817 3.365077507927693 4.988692201574277 0.8026362257126016 4.876073519544986 1.303554426111453 5.038847453257544 
4.093502597185353 5.884219704217962 4.948668927792101 3.033376618461888 0.6398664065324067 5.313491158952876 4.451257738794412 3.6649237450178394 6.366579820581944 6.187898197584036 2.411898499009565 5.874791673251404 3.3821317109437055 0.48922534264319545 1.4911889019347861 4.220087005220977 6.251517953663854 3.606713454465956 0.6232772515850986 5.395144084524092 4.488698641562426 4.266809120246106 1.9956283608666852 5.48331368791969 3.2323167113827482 4.926181868996611 1.9086295658661943 2.2291188325709297 2.3235785358210674 5.56883131869002 3.5950538303105275 4.814115476898011 -0.17703413711064103 0.9721390358267207 2.628579301926266 1.5823291814623786 2.164830993768906 -0.12683789705188409 3.0472818763006213 3.3668684694012443 4.985116137566748 0.800922525653752 4.874043235627472 1.3017426783046868 5.035401376183778 
4.093265705843137 5.884350591660377 4.948545206815585 3.0329321825050912 0.6396206058591709 5.313345611753815 4.451322510767557 3.664811697202714 6.365738291318702 6.188044559540257 2.4120103325729185 5.875243401798846 3.3820212039479 0.48922931930386027 1.4912867594297734 4.219774223511108 6.251185041367534 3.6072245091480717 0.6232062223280265 5.394781290384493 4.488929661576328 4.266755159637259 1.9955376648003105 5.483147842396893 3.232084054921226 4.926333565187604 1.9085569791760049 2.229441946007057 2.3236478500443054 5.568670736281941 3.595394234247999 4.814729780181409 -0.17721517568893863 0.972302289357406 2.628872318995362 1.5824646169266356 2.164920866130022 -0.12689313886929796 3.047036180623428 3.3670642750821327 4.984453460870726 0.800697725194559 4.8738205944975554 1.3016671125724113 5.034719072867514 
4.091853339871481 5.8839274392223215 4.9473089842295925 3.0314885388653683 0.6383978946136926 5.313689178376194 4.452521357573169 3.6623478841247503 6.3607509469683245 6.189993290628934 2.413511428722373 5.876056253596845 3.3808225922486024 0.48898183572557086 1.4926214268075753 4.220013690833779 6.249762986665234 3.610736880931402 0.6237808591074097 5.394289725592855 4.49044895057948 4.266830192977562 1.9940176661947369 5.482730205345216 3.229688506187666 4.927526654652607 1.9069071579835584 2.2306264427430653 2.324118993518915 5.567484035767112 3.596493535191407 4.816392734176726 -0.17760040650653472 0.9730551786363024 2.630517960819857 1.5846513992290485 2.165362095672331 -0.12741698996080847 3.0456442778010193 3.3691737376548048 4.979610864281379 0.7994195535031967 4.872708459764841 1.3015775165104988 5.0301593572101755 
4.0918178466700965 5.883903865061776 4.947216202945706 3.031590927747418 0.6382952263122538 5.313533286416324 4.452622653468068 3.6622055059023535 6.360745999700258 6.18992086876244 2.413420431173571 5.87588380694337 3.3806886468199595 0.48879685150998853 1.49263409605443 4.22031748057454 6.249695441435098 3.6111752085205597 0.6238136582997523 5.394760880270377 4.490541284642752 4.2666321992390825 1.9939540606303259 5.482597323803502 3.2297443734183275 4.92773736361295 1.9069404492219515 2.2306784788030893 2.324100914234493 5.567350658040844 3.596634146498168 4.816283787677603 -0.17783492821538557 0.9732407781572157 2.6305408513500033 1.584553096306033 2.1652529378504815 -0.12736256199154558 3.0456293445181313 3.36912020204066 4.979492291362628 0.7992427676416521 4.8725416887411335 1.3015019955956515 5.029963320630416 
4.091327880636642 5.883601962748441 4.945892658350788 3.0320362244703847 0.6368576378403024 5.3113858113183605 4.453797651743523 3.66254986061745 6.36049192951621 6.188879409448476 2.4119263659833274 5.876085424233825 3.3788041517487217 0.4861327951014972 1.4925631521268692 4.223006475556884 6.24884577481625 3.6173109203101284 0.6241520721739426 5.399388021908542 4.49181515188668 4.263948201819092 1.9931202082070947 5.479490462607592 3.230150500795774 4.930615512153432 1.9072648567131891 2.2325055024182596 2.3238813663731506 5.56551897281757 3.5986435191991233 4.817392657134173 -0.18060219639616878 0.9758100903386042 2.630837933531554 1.5818484541785758 2.16377493341275 -0.1266024673975708 3.0453458596142338 3.3676045496030786 4.977835624696348 0.7968013420787573 4.87033964094378 1.3008497708246973 5.0268797029178165 
4.090554397454454 5.880827603271406 4.943612421312309 3.029476352515267 0.6354920255287322 5.311581060069452 4.455970494796978 3.663443163021553 6.356512111325127 6.190757158682288 2.4113002344923924 5.8752905915690095 3.3755732026150826 0.48277454683926574 1.4936408473942704 4.224662265502901 6.247084962311848 3.625889360003645 0.6256128611189662 5.402443701299304 4.4935614793734 4.262294070915607 1.9905186534549197 5.476122376322856 3.2280720876104216 4.934103262182814 1.9052758948952306 2.232035875931304 2.3249657006247753 5.562947321591394 3.5999543569796892 4.8179403240557885 -0.1833430787589847 0.9781901164124428 2.631958701262113 1.5806938683831324 2.163296795328146 -0.12674475066718263 3.0443704987151143 3.3682172349630135 4.97319670153932 0.7941051543378391 4.86772624598127 1.2992300975986322 5.0213856521810305 
4.090408036266457 5.8805759075606865 4.9433644503791125 3.0288700400442035 0.6351991610796452 5.311384018635299 4.456223492404754 3.663501259479537 6.35556768163127 6.1909771776654585 2.4112066675161543 5.8748644956779215 3.375086185756563 0.4822599467869514 1.4937741124431898 4.224859787474 6.246426477375329 3.627406869820004 0.6256494444936497 5.403069241034522 4.493849348433018 4.261978205516018 1.990268699023315 5.47578326863858 3.2280250647461832 4.934656949968964 1.9051895713754 2.23185229280579 2.3252510027816427 5.562508350435991 3.6004747771015384 4.817814871190969 -0.1841804427185445 0.9786579921842056 2.6322796323131805 1.58077780594468 2.1633403139263763 -0.12679293422647608 3.0441331835036234 3.3685140884890976 4.972457259838734 0.7936011300575688 4.867147293268017 1.298645172565322 5.020462804041907 
4.0896192809322995 5.8798756923598745 4.942414127730611 3.024107564217556 0.6335203115541808 5.309641540959066 4.456974776423255 3.665361714382876 6.349802381238173 6.191745900897661 2.4103844188797874 5.874608549035858 3.3727424003194155 0.47974627556903265 1.4941601475187931 4.22444029258065 6.242201169576748 3.635380052822667 0.625126410881652 5.404735567280273 4.495302369893736 4.260248581080167 1.989589730937444 5.473484526466783 3.2284201165818924 4.937317191256796 1.905437514422423 2.2313711571087484 2.3270007588662556 5.560318880767269 3.604113837003872 4.818278244478632 -0.18926653692436152 0.9812466839837234 2.6342856206256595 1.5805903973472262 2.16393449695688 -0.12712209025196597 3.0426677663280817 3.369919187190905 4.9688238162910405 0.7909142835288329 4.863829085572268 1.2951879914620659 5.0156024971757684 
4.088465971090781 5.878876432937396 4.941107496197941 3.017458163506344 0.6310811352828904 5.307102920206219 4.458104064154892 3.6671174044534034 6.341331764533585 6.192885686025826 2.409350425579282 5.8731946367786945 3.369361735255767 0.47614959229121123 1.4948213678897435 4.224487508170418 6.2358953792239955 3.6469555277967425 0.6243525055217439 5.407737072344585 4.497408366613598 4.257781814592749 1.9886431832403269 5.470622023158916 3.229135988599237 4.941175443754238 1.9058862457752743 2.230183420232833 2.329590302574194 5.557114436528756 3.6094450757796372 4.8183498939893274 -0.1968510594098477 0.9850149940210288 2.6372736467624653 1.5809522176886714 2.164848653277643 -0.1276209197314492 3.0405259334556556 3.3722395554024245 4.963502613684757 0.7870086144987848 4.858933496176455 1.2899715828557545 5.008643725347778 
4.088401625316488 5.878790063853552 4.941065858883982 3.017251077347748 0.6309661542861319 5.307015655710228 4.458199155159012 3.6667570229187434 6.340858019000597 6.192997253744866 2.409397206713994 5.87268544375521 3.3691826271682337 0.4759822560255349 1.4949209894290458 4.224781686220547 6.235527590468895 3.6475488685150896 0.6243382812381346 5.408216094876698 4.497515869233056 4.257699765826842 1.9885747076953726 5.470682766556887 3.229187417654375 4.94137228348567 1.9058961870813795 2.229938513424162 2.329748397047398 5.556937427770001 3.6096962847025043 4.8180987843023715 -0.1972874741224667 0.9851977812451402 2.6374558655047737 1.5812245519073183 2.1649212118214827 -0.12766747570604153 3.0404125388306538 3.372477145556401 4.963183128330075 0.7868113608791192 4.858662901930332 1.2896427884896526 5.008306292830117 
4.088398229302464 5.878739205827041 4.941097867640618 3.0173157585747137 0.6309852313846097 5.30710108724846 4.458206630315067 3.6664639974227753 6.340788162470272 6.193095241595276 2.4094764368796033 5.8724467449468705 3.3691792773838047 0.4760104302889427 1.4949768499147502 4.224929048427367 6.235497872275005 3.6475205666019757 0.6243560120568795 5.408328798486517 4.4975077365357095 4.2577723477208425 1.9885489973526471 5.470769654703881 3.229163946069665 4.941345048588433 1.9058435873653465 2.229818170357515 2.3297896985840705 5.556942205050039 3.6096680771092093 4.817957239852387 -0.19729872438323864 0.9851623487840468 2.6374788251857835 1.5813745553181333 2.164971135417718 -0.12770551209547693 3.0403990129459624 3.372552144535881 4.963132410710802 0.7868329591430407 4.858665661630358 1.2896188289137616 5.00829067181113 
4.088374497934203 5.878284659595371 4.941248049718962 3.0172831426638043 0.6311662086163594 5.307857021856447 4.458130402103952 3.6660840633660245 6.339986230539784 6.193900268438328 2.4097503479222055 5.87264310852821 3.3691305884579332 0.47622916027266315 1.4952943665065335 4.224710930442604 6.235333580452634 3.6472563241768676 0.6244351819505058 5.408505034134838 4.497426384022028 4.258434376065297 1.988396593349166 5.470788959162893 3.2287588707110455 4.941016597053432 1.9052790650855762 2.2299791687597703 2.330194421693372 5.557074187891048 3.609545467563788 4.818109600005375 -0.1971164789574434 0.9848258590150981 2.637618005806686 1.5818767167747867 2.1654918108675454 -0.12806856803831618 3.040206874886555 3.372897502766201 4.962736857268845 0.7870544733119776 4.858740080805194 1.2896487681370035 5.007955153536826 
4.088365923495758 5.878179266942878 4.941308751259275 3.0171601965763486 0.6312183411544123 5.308049771654667 4.458048391046422 3.666369393958545 6.339693251896684 6.194131387684516 2.4097899307775594 5.87291568708981 3.369127580692851 0.47630916844287735 1.4953516236755955 4.224372717596759 6.235274110027947 3.647164934585949 0.6244117791814248 5.408333669253648 4.497394933163748 4.258642310485231 1.9883931602429645 5.470669405998992 3.2286511770445867 4.940888144955722 1.9051412382408095 2.2302268973333934 2.3303344556806196 5.557131231973403 3.6095710814707305 4.818239686775042 -0.19706834403043136 0.9847152628698224 2.6376718372759353 1.5819492170768523 2.165688378318372 -0.12819045253196878 3.0401265612343265 3.3729091912819436 4.962635809059835 0.7871260248358104 4.8587509871243615 1.2896764966693672 5.007795072030978 
EndParametersPerIteration
Final Parameters: 4.088365923495758 5.878179266942878 4.941308751259275 3.0171601965763486 0.6312183411544123 5.308049771654667 4.458048391046422 3.666369393958545 6.339693251896684 6.194131387684516 2.4097899307775594 5.87291568708981 3.369127580692851 0.47630916844287735 1.4953516236755955 4.224372717596759 6.235274110027947 3.647164934585949 0.6244117791814248 5.408333669253648 4.497394933163748 4.258642310485231 1.9883931602429645 5.470669405998992 3.2286511770445867 4.940888144955722 1.9051412382408095 2.2302268973333934 2.3303344556806196 5.557131231973403 3.6095710814707305 4.818239686775042 -0.19706834403043136 0.9847152628698224 2.6376718372759353 1.5819492170768523 2.165688378318372 -0.12819045253196878 3.0401265612343265 3.3729091912819436 4.962635809059835 0.7871260248358104 4.8587509871243615 1.2896764966693672 5.007795072030978 
